0.036624640226364136 -0.01666012406349182 0.4759562313556671 0.003197935780364915 0.9981522738174712 0.038182562051262324 -0.047158280661598245
0.10185878723859787 -0.0728825107216835 0.4633558988571167 -0.07866177696676575 0.99071207930496 0.06256359553872864 -0.09158437244934194
0.11194116622209549 -0.009907838888466358 0.3905176818370819 0.06718172622948189 0.986182291175489 -0.0007082356096900964 -0.15142853969781025
0.0925925225019455 -0.012932089157402515 0.38482460379600525 -0.4860737444028206 0.872542208824282 -0.003426421680745533 -0.04889446243420826
0.09829354286193848 -0.028590936213731766 0.3697446882724762 0.7201094297806712 -0.6938427817392062 -0.004552535784093499 -0.0019692098139957198
-0.009925357066094875 0.0050570787861943245 0.3651964068412781 0.976006632663762 -0.15014052330215105 0.120381477576357 -0.10186842550777807
0.0790710523724556 -0.004515011329203844 0.3606473505496979 -0.526958099923752 0.8488903501583392 -0.0218477160701774 -0.03497158325438037
0.009027748368680477 -0.0021276716142892838 0.3497530519962311 0.01747542889814331 0.9983424633737531 -0.01403748890976314 -0.05300834004909625
-0.06076330691576004 0.005809667054563761 0.31790098547935486 0.7048579718955846 0.6961707292173854 0.11687937054869738 -0.06971920808727879
0.052733950316905975 -0.013383626006543636 0.30767256021499634 -0.0027638544248749057 0.9940771343073316 -0.008750823204836665 -0.1082886663011384
0.09882314503192902 0.010007127188146114 0.3313109576702118 0.7330370646808313 -0.6801385960550026 -0.002643324059020417 0.007820792693824631
0.018926413729786873 -0.0013937214389443398 0.31525006890296936 0.0554602084309736 0.9976691306937934 -0.003307248181212499 -0.03961733270869612
0.0036257889587432146 0.013055477291345596 0.3861294984817505 0.002198929383304626 0.99989964882984 -0.009790794397163885 0.009999866229233706
-0.03184658661484718 -0.008090928196907043 0.3929421603679657 -0.2371565020285274 0.9682143689280815 -0.008013124236287871 0.07907919566335828
0.08297083526849747 -0.007929880172014236 0.37228500843048096 -0.6544107324981663 0.7558536915573111 0.009634630906204682 0.01841097601160547
0.03446393460035324 0.009693106636404991 0.3669869303703308 0.9065923086526141 -0.40999468329220917 0.042430226286421166 -0.09052304381386914
0.046997666358947754 0.03686463460326195 0.35496199131011963 0.9956788057291052 -0.004813544602058103 0.019191652348626645 -0.09073161571556261
0.0026064629200845957 0.006456069182604551 0.34437236189842224 0.7896004653250123 -0.6035071937531432 0.05920417005301579 -0.09383516662245402
