0.4246670591625469 -0.04574219086481357 0.6278573277267678 0.9985170032106628 0.017574338175935005 -0.019086665561225274 -0.04786059062140121
0.4047626252804034 -0.05806011471290814 0.6266593090249153 0.9887947455857299 0.09892838001813793 -0.04703455574105679 -0.10141931421223536
0.3889479048445087 -0.06808349626278429 0.5414406761553955 0.9870347237423976 -0.04885092293080232 0.01788170847594583 -0.15184296479441808
0.3851240002446618 -0.06864243742088316 0.5329406005517083 0.8610182131507508 0.5043113731210136 0.025254235402698517 -0.06066217237876536
0.3863714929852716 -0.06787114004047481 0.5226475167182723 0.6779446828766973 0.7350407467683993 0.009996721441562823 -0.0024845743674373694
0.38312097879779017 -0.07072917868046734 0.5117685235115748 0.12721027104871033 0.9794737783583274 0.12209262209727731 0.09768344832973204
0.3814886212842807 -0.06951383074287033 0.507450175388628 0.836509790748153 0.5446016790445721 0.04251021716373304 -0.04304953659456485
0.3807362417072162 -0.0713596227805249 0.49515401083843485 0.9978794705913311 0.0029135831365142235 0.030809643702449045 -0.05726114791548796
0.38033228106190736 -0.07551194220033555 0.46928448516602517 0.7115052760886875 -0.6903729913957443 -0.106753275059512 -0.0758229062574129
0.3774133369165493 -0.07455822694201926 0.4512779660486229 0.993087709175878 0.022618615009324126 0.026762009920504246 -0.11202229672650758
0.39193968519331646 -0.04387925428988926 0.4829584012558042 0.6635438310218944 0.7478576955801002 0.01447239891349868 -0.014456871864211051
0.39064703798000655 -0.041239681407504926 0.4651304220381186 0.9982540235489082 -0.03449530891028076 0.019567990453709615 -0.043772958332779006
0.40411547694986527 -0.017315926723265027 0.5387694712187552 0.999550889181137 0.019166051395303123 0.02270827368936252 0.0038751409213163223
0.40078360731157503 -0.005983029875985313 0.5508446344233325 0.9631566481874908 0.2593603725617485 0.023483378855249405 0.06715652696804651
0.3812788703526566 -0.024950840366018485 0.5241369291008271 0.7413429978469357 0.6709116865323204 0.010679791006818136 0.013191303261112012
0.37087701557382674 -0.02885735463025745 0.5140341346019401 0.3898167253902583 0.9153416781887505 0.05378017902143633 0.08544135486425933
0.3706008261939323 -0.028441721707170804 0.5004514084156203 -0.016170489091435883 0.995997918654733 0.023900458935893983 0.08458977113479747
0.3826032470145969 -0.018570486097754163 0.49546944354012545 0.586443186881455 0.8022119125675414 0.06925793334684359 0.08799871910189601
