2.267840499999999870e-01 -3.226779799999999754e-01 1.753896400000000133e-01 -2.211551490000000175e+00 3.260604000000000280e-02 1.798687939999999985e+00 8.245595000000000008e-01
9.021961000000000563e-02 -3.229227499999999806e-01 1.617313300000000065e-01 -2.233859080000000219e+00 3.865942199999999884e-01 1.775390040000000003e+00 8.248861699999999741e-01
2.906249300000000035e-01 -3.220037099999999985e-01 2.100427500000000003e-01 -2.223764319999999906e+00 -1.943661799999999995e-01 1.795921000000000101e+00 8.255387499999999878e-01
2.800568199999999841e-01 -4.181720199999999776e-01 2.105821099999999890e-01 -2.349129210000000079e+00 -1.795820399999999983e-01 1.973060349999999907e+00 2.607341899999999768e-01
1.655805999999999945e-01 -3.992091600000000073e-01 2.858921300000000221e-01 -2.320239250000000197e+00 -5.913775000000000281e-02 1.937258930000000046e+00 3.417792599999999736e-01
1.614910999999999985e-01 -3.990597399999999961e-01 2.916073299999999979e-01 -2.321456669999999889e+00 -5.915829999999999700e-02 1.932165059999999990e+00 -3.757787100000000158e-01
1.486174299999999948e-01 -3.915441800000000194e-01 2.860069100000000031e-01 -2.322629669999999980e+00 -4.703311999999999771e-02 1.936506840000000063e+00 4.414420199999999905e-01
1.687599499999999919e-01 -2.458342099999999975e-01 2.735632000000000064e-01 -2.042584639999999840e+00 1.014934400000000042e-01 1.624862610000000096e+00 1.207888990000000051e+00
1.592054800000000103e-01 -4.104701199999999939e-01 2.849642000000000008e-01 -2.243995319999999793e+00 1.292171000000000014e-01 1.911231759999999946e+00 1.423886640000000092e+00
1.512380899999999917e-01 -3.148604899999999929e-01 2.830130299999999988e-01 -2.135682619999999865e+00 1.291788700000000012e-01 1.753682090000000082e+00 6.829142599999999952e-01
1.480548100000000089e-01 -1.772384999999999933e-01 2.790114200000000100e-01 -1.976608169999999998e+00 1.342742399999999892e-01 1.520538359999999978e+00 2.948764099999999777e-01
1.579739300000000124e-01 -4.136423200000000078e-01 2.932356899999999933e-01 -2.256568080000000087e+00 1.268726500000000035e-01 1.929468359999999993e+00 1.480206829999999973e+00
1.390912900000000063e-01 -2.733461099999999755e-01 2.972251699999999830e-01 -2.092509709999999856e+00 1.275607400000000058e-01 1.682708129999999969e+00 1.684386579999999967e+00
1.317967100000000114e-01 -2.016246399999999939e-01 2.985010100000000111e-01 -2.012893259999999795e+00 1.284678900000000012e-01 1.561729099999999981e+00 1.114265969999999939e+00
1.349861599999999939e-01 -3.181418100000000249e-01 3.022286900000000220e-01 -2.144513789999999975e+00 1.278739499999999862e-01 1.741447090000000086e+00 5.751894300000000015e-01
2.292578399999999905e-01 -4.033850600000000175e-01 3.150839599999999963e-01 -2.257139330000000221e+00 -1.210781300000000060e-01 1.896259590000000106e+00 6.271672000000000358e-02
2.376469800000000077e-01 -1.132310200000000017e-01 2.960434399999999910e-01 -1.935458370000000095e+00 -1.039412900000000056e-01 1.452568230000000016e+00 1.861022940000000014e+00
2.095967499999999983e-01 -2.947319600000000150e-01 3.191655199999999803e-01 -2.132867339999999778e+00 -9.680447000000000357e-02 1.718367860000000080e+00 9.791535500000000392e-01
9.449077000000000170e-02 -2.448844099999999968e-01 3.340691499999999814e-01 -2.061337819999999876e+00 1.276881199999999883e-01 1.602302469999999923e+00 3.608477800000000069e-01
9.814902000000000348e-02 -2.442532400000000103e-01 3.337905400000000244e-01 -2.060543070000000032e+00 1.233621500000000037e-01 1.592062330000000081e+00 -4.130857299999999843e-01
6.849601400000000506e-01 -3.203845200000000060e-01 -2.829525500000000249e-01 -2.370619619999999816e+00 1.080872499999999958e-01 1.972446209999999978e+00 8.907272899999999494e-01
7.594339100000000453e-01 -1.102390500000000051e-01 7.935080000000000605e-03 -2.152817929999999880e+00 -2.204709699999999883e-01 1.818223340000000077e+00 1.073187249999999926e+00
